# seed: -1320959329
54
82 44
82 8 15
22 57 65 88
34 74 95 82 91
13 60 93 23 75 81
9 36 16 78 9 58 17
32 94 72 27 67 13 21 56
19 20 79 27 55 75 96 48 49
81 55 26 5 63 38 80 45 76 90
95 62 92 68 37 21 97 24 29 61 99
31 12 0 20 95 56 9 57 86 92 94 65
79 33 0 29 87 8 97 85 88 14 0 68 32
38 99 53 69 40 29 3 20 29 56 82 84 2 16
16 58 86 6 68 95 8 64 16 46 24 69 39 34 5
85 13 16 40 62 80 48 92 42 29 61 57 86 60 57 63
32 9 30 80 46 27 46 51 34 27 78 56 97 6 41 97 44
72 74 71 31 73 68 77 70 90 43 66 29 73 31 75 48 47 47
56 20 78 8 8 54 35 97 4 9 10 49 65 18 33 39 94 29 40
73 0 90 6 44 45 56 93 96 40 1 40 93 96 90 65 50 73 11 91
1 63 74 15 28 61 31 63 80 58 99 4 48 44 74 48 65 46 4 64 88
48 19 80 48 49 87 65 83 29 30 72 16 15 83 49 48 62 30 27 99 15 59
23 76 81 5 32 50 85 58 78 21 10 37 36 48 22 83 92 47 64 78 9 92 26
28 28 25 11 1 80 76 96 56 16 6 23 36 91 98 81 35 39 38 79 88 31 53 54
54 12 55 83 9 87 51 9 9 16 78 52 97 66 49 83 35 11 81 83 59 53 31 16 53
83 16 42 31 82 3 60 8 27 11 1 41 30 55 55 62 9 35 13 25 87 73 62 34 60 94
60 69 5 40 20 6 18 81 43 16 73 90 89 10 22 69 58 94 13 21 6 44 7 29 67 3 56
36 34 87 3 88 95 59 48 88 25 33 48 89 46 85 51 13 61 95 58 15 47 9 8 97 32 85 18
47 85 96 8 89 11 44 64 67 14 36 1 13 17 30 61 54 7 70 88 58 48 22 81 45 42 10 16 43
14 79 98 73 47 87 64 94 56 51 51 56 19 77 33 57 22 10 21 59 83 60 29 95 77 33 57 62 41 73
5 78 47 5 19 36 17 53 67 77 27 51 24 66 69 66 12 53 69 11 16 1 73 71 98 74 13 56 36 62 72
61 2 64 13 87 17 0 36 30 71 59 98 53 19 61 73 95 68 5 26 51 39 70 38 91 94 13 84 29 52 18 41
87 12 28 38 41 93 47 83 97 44 33 93 3 4 90 18 27 24 17 57 24 12 70 33 23 46 93 22 45 80 21 26 34
2 53 59 43 61 76 39 31 87 61 2 34 83 5 96 3 98 1 66 0 80 59 94 56 53 14 3 97 31 16 34 55 76 21
44 94 74 24 90 48 51 44 84 23 68 49 35 10 62 45 0 6 64 4 73 77 91 28 50 20 39 82 58 82 88 62 41 56 37
61 26 3 81 94 34 17 24 90 64 65 33 73 48 35 42 86 38 19 50 95 40 85 87 87 61 2 55 13 21 91 44 10 14 25 9
18 33 20 9 12 41 80 23 97 86 53 51 19 10 46 79 83 13 58 51 56 51 13 96 90 53 10 60 88 31 30 14 82 85 0 52 60
21 11 3 12 81 10 56 87 64 26 29 63 96 47 38 64 40 80 1 97 25 21 30 18 27 89 41 17 65 53 33 34 9 33 45 36 91 88
95 25 81 38 98 61 75 2 78 32 80 34 66 26 33 65 20 13 80 95 37 98 90 0 73 97 31 58 22 3 14 49 86 29 99 67 66 67 76
33 14 51 88 61 0 17 49 64 88 40 2 88 34 95 53 19 90 81 42 68 78 42 87 84 15 12 32 92 82 75 12 14 98 69 7 78 42 34 60
32 0 3 7 59 13 26 39 24 86 90 26 85 20 50 37 49 80 29 71 50 57 47 19 99 38 95 6 24 37 88 31 39 18 95 69 29 58 72 95 38
71 77 4 78 65 17 86 61 79 56 5 45 44 64 9 31 94 20 96 12 73 21 62 95 72 75 63 57 88 70 28 89 74 6 78 86 24 40 96 62 34 90
33 92 27 35 85 66 82 93 61 14 5 43 73 75 72 24 46 57 92 46 17 17 56 20 87 90 82 83 24 26 79 91 43 44 97 94 44 45 74 89 89 41 1
92 91 16 93 13 96 58 77 41 99 7 39 27 36 2 18 33 70 60 72 49 83 65 90 73 62 54 98 72 72 18 38 78 61 72 50 2 67 83 28 23 70 17 53
80 51 85 13 0 82 47 20 66 94 75 68 46 7 67 46 79 59 1 44 50 59 20 9 60 55 90 73 31 57 45 97 58 59 64 59 11 55 98 86 82 79 53 88 0
82 62 30 77 13 37 58 20 69 41 73 10 38 4 19 75 6 34 58 57 76 11 54 97 86 30 56 12 6 7 40 87 12 9 42 31 51 23 37 80 35 34 1 37 30 17
46 46 43 76 2 82 82 53 97 84 23 64 37 20 79 91 68 90 41 91 66 40 7 43 72 2 56 63 15 28 94 56 55 47 53 43 24 52 18 27 58 62 66 1 61 19 95
3 47 87 41 5 82 89 99 16 56 10 9 48 98 40 31 90 85 84 23 63 63 92 35 52 17 68 27 52 76 48 73 83 50 12 4 37 43 21 11 23 0 52 82 81 50 75 75
42 89 19 63 1 41 41 46 94 71 47 73 60 93 16 18 81 80 14 81 65 75 68 65 44 29 31 11 23 99 40 64 1 27 41 87 95 45 20 17 91 48 69 33 36 66 86 60 71
34 41 89 39 7 63 95 58 98 93 39 93 93 28 62 27 94 98 64 75 43 35 18 87 55 35 59 5 82 42 17 1 71 82 44 85 87 45 20 34 40 28 44 86 68 65 19 64 7 90
54 84 6 53 0 76 73 81 63 84 29 1 48 32 32 51 98 54 4 6 44 3 54 62 0 24 92 91 73 91 1 21 33 14 0 15 92 75 45 22 32 42 27 38 18 4 13 52 27 18 48
47 52 90 9 81 40 50 17 5 35 36 28 39 12 25 76 28 29 51 51 48 79 49 44 30 61 57 65 99 34 26 9 27 67 31 45 30 7 85 39 87 81 37 86 0 68 50 98 77 31 98 89
58 0 39 56 48 99 18 72 79 52 8 77 23 29 22 73 61 19 47 50 38 12 80 32 83 89 35 70 20 90 65 68 39 19 47 63 68 60 92 3 36 1 86 94 62 15 90 97 42 6 26 26 1
31 26 93 98 43 98 76 32 31 64 43 97 52 69 42 87 10 27 86 29 12 35 58 9 31 72 38 65 5 64 47 0 86 50 90 59 66 78 88 30 49 94 84 26 6 89 95 56 23 30 0 72 99 91
83 79 15 71 84 26 64 11 97 96 30 61 78 76 9 31 54 89 12 16 35 19 86 80 95 12 70 54 97 87 84 78 7 12 39 77 38 88 66 6 44 85 85 39 47 7 25 65 62 78 40 37 41 40 96
29 86 38 48 82 54 7 40 64 44 77 77 51 44 93 64 61 65 37 93 99 73 21 6 57 60 76 62 50 25 61 4 67 56 14 67 0 31 24 39 89 8 13 87 32 72 24 18 9 42 47 18 42 49 90 92
25 16 71 77 27 4 82 77 60 86 45 49 45 15 86 84 90 17 29 44 18 11 28 12 96 48 72 62 56 50 18 6 67 95 36 57 60 50 55 16 15 58 78 18 52 91 13 37 74 18 24 37 6 67 62 26 16
8 70 7 64 49 5 5 26 51 30 63 32 42 40 81 9 49 62 44 87 26 37 68 45 86 66 21 99 64 18 55 0 8 40 68 35 54 67 45 90 53 86 82 15 12 81 68 0 88 84 53 55 81 70 74 39 19 56
40 42 54 29 29 28 17 47 10 73 72 16 26 7 29 23 86 99 81 81 9 93 77 88 72 55 51 0 62 56 80 33 50 15 19 13 2 88 60 22 80 77 44 64 39 9 36 37 19 46 41 38 71 49 42 43 49 81 17
6 78 0 45 66 47 2 2 47 82 52 15 22 62 76 85 78 2 92 76 73 50 37 23 46 75 83 49 33 49 30 91 58 92 12 10 2 20 74 17 26 71 1 44 78 40 98 63 7 45 45 46 22 50 95 63 74 93 23 0
88 35 85 11 86 49 15 75 41 0 83 76 48 99 21 1 50 83 50 84 68 33 91 43 13 91 25 15 62 5 1 29 98 19 4 36 79 61 52 63 56 72 51 76 80 47 50 96 71 37 21 89 47 42 2 21 97 18 15 40 27
67 54 98 19 54 8 32 6 27 49 16 66 3 40 84 69 63 79 55 4 49 34 8 17 15 26 90 66 42 28 53 63 98 52 81 54 83 64 67 73 85 89 53 28 65 67 21 73 47 76 52 74 28 87 85 14 29 23 48 41 3 65
7 27 63 45 48 75 42 37 50 81 97 89 78 45 94 27 19 78 50 9 94 20 64 50 40 74 40 77 13 37 13 74 69 30 6 43 97 35 23 47 69 6 8 35 43 49 18 89 53 49 42 78 52 26 16 59 79 97 32 9 75 79 9
18 89 66 22 40 22 5 19 45 23 43 46 49 97 85 94 49 24 59 69 8 32 77 60 11 85 59 5 22 12 6 42 98 7 38 17 92 38 54 56 48 61 38 2 94 66 76 57 70 95 2 7 98 57 16 61 14 32 96 62 95 14 10 68
34 64 25 1 89 45 64 37 32 18 50 85 86 7 95 12 21 66 47 50 84 58 60 97 16 4 99 84 6 39 44 92 97 91 61 63 24 86 70 87 44 39 14 11 9 28 13 69 46 47 6 76 62 77 56 79 64 98 78 7 55 58 60 45 48
5 72 23 2 59 10 48 73 71 20 32 87 53 46 98 48 27 98 67 52 69 77 88 35 37 71 79 68 86 40 27 91 78 3 84 6 63 20 83 83 31 70 32 92 2 99 83 40 9 49 0 2 74 37 30 84 14 47 75 50 17 82 74 65 21 6
56 91 46 68 28 53 42 61 62 25 0 40 90 13 90 54 50 16 28 83 16 28 81 47 49 70 70 90 95 11 94 34 97 59 4 67 52 36 9 50 63 37 9 71 97 33 57 40 40 27 59 96 90 99 93 89 87 47 61 23 37 25 18 85 40 38 9
17 18 28 39 75 59 55 98 46 35 30 24 17 29 34 63 82 40 13 47 10 90 9 78 41 16 34 17 79 88 82 1 4 94 0 21 85 34 65 80 25 80 44 87 27 42 53 16 29 11 85 30 98 13 8 80 13 20 67 66 46 87 17 16 15 28 33 46
12 44 47 77 7 61 0 27 63 27 24 58 28 94 96 79 93 50 68 97 14 42 87 34 89 19 29 6 87 57 31 83 95 16 91 62 92 29 30 19 5 7 11 81 35 26 93 65 6 43 26 8 4 25 24 40 8 81 44 67 10 96 81 88 60 7 10 88 85
32 46 96 34 20 99 29 39 5 21 16 55 17 52 25 24 30 19 97 10 81 57 99 4 5 80 32 90 25 65 21 37 95 39 18 80 96 98 90 63 25 64 78 95 27 32 96 34 91 67 8 16 54 64 14 11 73 31 19 64 1 55 75 93 76 94 96 11 68 62
76 83 73 29 49 93 23 65 17 68 14 26 74 67 78 37 8 26 55 88 42 84 69 72 52 56 13 26 22 97 72 10 79 24 42 81 73 31 43 19 16 85 86 65 46 65 71 81 41 46 7 72 13 96 7 88 34 26 38 81 50 5 39 10 3 22 15 80 51 55 56
18 89 74 60 91 5 67 66 67 10 21 73 50 55 85 68 11 67 44 53 0 37 74 74 74 57 15 52 13 94 14 54 22 65 21 11 58 54 21 66 22 65 23 90 64 89 47 48 90 61 13 16 66 85 90 66 98 35 10 17 81 59 20 77 92 74 21 15 95 34 3 1
16 75 19 77 43 18 82 74 55 83 25 78 1 42 63 40 43 34 4 35 84 34 81 92 58 37 91 4 41 45 29 53 84 92 17 38 47 63 18 32 0 96 73 92 50 47 19 55 23 6 63 57 45 86 85 13 10 58 58 31 78 2 87 51 7 41 97 66 7 43 7 20 64
22 97 69 64 53 96 66 64 72 82 47 1 23 92 58 39 53 19 70 67 37 96 51 83 92 41 52 52 7 49 87 67 80 40 53 72 75 95 4 13 62 50 29 32 66 66 59 21 15 93 40 63 43 26 28 89 35 74 44 1 18 44 60 61 42 74 52 98 62 88 26 50 82 70
8 93 27 42 18 33 14 84 74 51 64 32 12 14 36 22 66 35 21 19 33 55 36 91 82 61 30 43 47 84 74 19 91 37 57 74 89 61 3 45 58 63 59 25 73 93 12 72 75 6 87 72 4 75 53 64 8 3 73 44 33 13 48 52 2 60 96 32 77 3 95 51 83 46 93
2 64 90 32 45 46 77 69 13 90 7 51 9 65 45 10 71 46 55 10 13 70 13 98 29 70 6 88 63 33 74 33 47 57 29 70 32 35 61 47 0 27 98 17 93 22 22 59 43 75 64 58 47 34 45 92 6 60 97 79 64 33 80 16 48 75 67 0 93 58 34 79 91 78 0 23
24 10 24 44 14 52 82 26 37 70 72 37 65 66 50 17 86 69 91 33 42 95 66 49 57 32 92 96 75 17 93 97 94 61 51 30 74 97 76 48 24 10 9 10 91 54 5 88 2 52 53 37 70 18 56 28 32 92 98 48 80 46 73 27 0 11 65 33 13 25 51 62 35 63 45 74 20
30 48 54 52 59 90 7 67 73 7 23 96 95 8 48 6 30 32 33 70 52 8 16 85 66 57 54 2 68 19 86 20 62 77 65 50 4 92 36 4 99 33 21 16 99 40 67 25 44 47 31 15 57 52 19 39 34 23 11 86 33 96 53 55 60 6 31 26 22 25 95 5 38 98 37 9 66 76
69 32 54 25 61 43 93 11 60 51 78 82 89 82 83 0 49 32 26 9 3 80 81 33 89 97 68 68 37 89 51 0 59 93 38 94 91 3 25 3 56 1 85 65 35 55 73 19 86 41 34 5 20 83 65 70 14 10 99 64 4 39 7 34 13 35 33 38 62 6 95 20 13 45 96 0 15 28 19
4 29 32 6 30 92 47 75 2 1 6 55 7 50 88 45 88 74 57 51 17 92 24 97 28 99 91 44 71 60 66 49 20 70 87 38 65 6 25 6 97 46 34 82 56 26 95 25 30 27 76 8 96 18 94 71 57 73 83 83 38 46 15 60 86 60 64 20 16 77 92 95 8 2 94 10 38 74 53 87
6 47 81 99 9 12 31 95 95 92 56 9 58 21 78 47 35 75 48 30 93 63 12 92 51 37 22 24 55 77 93 0 78 71 78 77 14 23 44 59 15 44 24 68 78 97 0 98 43 60 88 5 55 31 66 7 62 58 2 72 43 99 55 35 26 31 12 6 2 45 8 62 57 55 93 94 17 82 83 2 98
59 98 81 26 33 77 63 88 61 42 42 0 32 68 36 60 37 51 2 97 67 68 72 93 92 29 48 89 4 83 25 67 91 86 86 74 25 58 93 46 87 26 69 24 28 87 91 38 12 7 32 39 90 59 26 34 25 30 78 89 51 55 5 75 9 90 19 47 15 84 92 36 4 18 51 17 31 49 13 8 6 36
38 80 80 25 63 41 94 45 84 34 59 3 2 61 32 17 45 93 98 96 0 49 99 13 22 5 49 69 21 51 83 45 42 69 42 31 55 22 28 34 9 34 76 72 74 62 85 67 4 65 48 93 57 54 49 85 14 7 34 83 19 39 88 60 77 8 29 12 95 20 15 85 74 27 54 85 71 66 55 91 84 26 32
91 24 10 89 12 25 75 46 56 36 64 29 23 14 35 63 72 97 96 42 94 91 79 89 94 85 92 99 99 84 87 14 15 84 18 76 80 81 69 14 39 67 5 93 60 51 97 98 20 67 13 25 41 80 96 29 52 62 49 28 45 66 94 11 72 1 38 94 91 63 46 44 17 68 43 68 97 50 82 49 36 13 52 45
41 4 77 22 11 56 57 23 6 4 39 21 2 27 10 37 50 15 57 29 17 3 2 64 59 40 42 3 2 77 73 2 36 17 42 1 93 66 11 11 3 35 24 61 6 99 29 68 69 69 93 93 83 41 73 78 3 81 38 62 5 81 76 7 0 65 16 84 89 12 92 93 90 34 11 23 60 84 72 73 96 4 28 93 60
13 45 64 11 60 60 44 46 20 48 89 7 65 17 88 60 67 96 37 72 55 70 35 98 82 98 60 55 74 89 47 35 71 49 46 76 74 90 39 71 71 62 3 43 80 7 41 96 2 74 42 13 0 95 5 83 10 72 54 10 17 13 32 97 40 58 79 5 96 63 58 24 13 5 50 93 76 45 60 8 57 71 40 72 94 37
45 48 43 34 67 4 82 50 61 85 46 60 24 92 11 87 97 99 58 14 89 13 71 15 27 29 20 71 36 59 41 12 60 79 53 84 90 55 36 57 60 32 68 27 93 88 6 74 87 35 82 93 13 87 14 93 36 62 72 69 42 25 36 48 96 16 37 9 39 37 48 7 42 84 19 10 16 64 56 97 6 57 29 85 85 7 61
31 93 60 56 26 77 1 17 74 50 33 97 29 39 64 43 11 28 8 17 45 52 94 36 34 1 87 60 23 10 97 35 57 12 38 97 38 73 81 50 12 55 61 27 94 50 66 79 29 0 81 61 14 43 8 23 79 80 77 74 43 84 13 21 72 95 84 1 36 8 23 32 36 65 13 71 82 87 52 64 85 72 25 7 11 17 84 5
95 99 57 40 17 30 27 52 63 88 79 18 5 79 4 14 37 18 75 7 6 31 34 80 16 38 64 15 1 3 12 61 70 14 2 65 52 0 82 33 74 25 94 59 41 5 13 78 75 48 43 61 33 85 84 97 28 28 25 70 47 21 13 33 36 9 1 5 12 31 8 47 29 8 10 53 59 67 24 14 22 37 4 20 44 70 82 92 95
93 24 87 38 86 27 55 25 8 16 16 55 51 35 13 24 59 10 34 48 96 18 75 35 43 98 48 71 57 72 25 3 12 82 42 6 18 82 0 46 7 91 62 83 39 12 50 79 72 42 84 83 34 31 49 84 80 1 94 61 63 50 56 90 11 38 80 58 82 22 75 89 86 29 96 76 95 3 87 27 78 67 15 86 77 2 95 11 34 51
1 75 8 60 12 88 61 25 4 31 86 35 18 64 45 94 85 24 68 57 32 95 57 5 17 18 82 13 51 83 19 77 53 73 94 17 66 99 46 58 38 49 29 84 63 58 28 18 14 41 78 20 8 10 32 78 40 2 68 91 71 28 69 89 35 66 56 43 2 80 85 37 35 87 96 91 47 27 47 91 25 91 48 76 9 50 89 68 23 16 44
31 12 74 70 74 70 11 16 36 84 72 64 55 25 14 50 58 46 67 22 94 96 40 95 27 49 63 87 95 2 53 42 90 54 9 85 33 74 28 22 89 84 17 86 11 94 34 28 59 40 95 58 25 91 61 22 80 5 31 94 62 78 24 5 73 80 6 62 41 43 4 91 98 97 29 83 45 90 42 77 20 4 37 29 23 60 77 66 3 84 23 70
93 46 63 57 54 39 12 40 34 42 76 79 75 64 63 27 30 47 43 90 50 99 67 16 57 69 54 46 83 44 60 55 68 98 75 51 46 63 46 37 37 42 95 57 92 53 20 30 62 63 33 58 85 65 92 96 6 57 69 23 34 27 37 33 61 43 95 67 97 4 30 28 14 99 15 70 33 11 54 84 83 65 43 38 13 34 40 27 71 88 58 13 30
74 70 75 61 32 85 80 79 50 59 61 31 45 21 45 34 12 87 61 44 54 42 53 70 81 15 98 34 75 56 3 68 21 71 76 10 9 38 79 20 60 10 76 86 53 80 34 63 2 97 45 86 77 54 20 24 48 37 66 14 13 84 73 20 36 68 13 79 22 77 63 20 44 1 89 79 18 86 11 59 98 74 12 35 70 38 31 14 13 99 45 44 58 77
72 18 2 49 39 89 12 3 77 50 51 70 88 33 77 60 97 4 88 5 70 59 97 23 37 94 20 52 69 79 79 61 47 2 20 91 26 35 90 0 32 12 96 23 1 40 76 66 39 36 71 18 67 12 90 21 74 71 23 83 24 92 22 62 40 84 78 85 50 62 64 75 65 0 10 42 20 33 37 71 22 25 69 17 27 29 2 23 47 40 17 54 12 17 69
68 8 64 60 75 23 24 54 69 75 88 20 50 97 43 75 68 41 69 8 15 98 43 4 98 56 98 93 20 91 37 20 32 45 38 5 49 85 60 1 94 15 26 47 67 92 75 47 4 82 65 85 6 80 36 37 61 60 14 96 90 87 97 69 62 15 1 51 99 92 96 52 81 44 99 59 50 1 20 68 56 33 37 0 96 14 92 68 85 72 38 81 90 94 40 66
14 65 11 96 25 45 24 52 31 35 55 4 69 92 58 62 28 67 1 16 72 94 6 9 58 63 43 94 86 38 39 14 67 32 98 29 24 74 44 75 60 16 86 13 86 41 54 13 32 19 33 54 18 9 14 16 8 94 25 25 96 78 73 30 57 15 7 69 98 92 85 39 91 86 36 67 16 12 79 10 51 54 69 46 26 92 29 69 86 32 96 63 14 26 46 25 38
91 15 22 65 4 51 67 1 85 53 38 71 22 74 95 81 36 68 76 13 97 74 85 69 74 83 68 47 45 91 43 40 87 28 34 92 8 84 28 14 30 33 86 63 85 14 11 4 32 48 40 69 45 57 43 60 3 84 24 72 85 23 88 80 68 31 34 59 78 6 92 49 5 91 95 32 74 87 75 42 11 39 85 60 41 67 12 76 68 18 34 31 29 23 48 53 17 44
14 75 40 25 1 55 21 89 16 63 82 70 33 88 32 11 76 81 7 67 26 61 40 16 32 62 17 30 96 76 31 75 37 50 11 24 95 60 87 81 26 50 15 6 80 73 83 62 25 48 49 18 75 47 28 40 40 79 73 8 63 21 5 99 5 30 44 19 76 11 30 65 13 59 78 48 44 62 2 33 60 89 69 79 39 1 88 20 51 12 69 18 22 87 96 82 28 37 78
35 58 13 86 7 77 1 60 91 18 35 42 52 60 28 81 23 72 51 87 25 36 52 93 67 80 27 64 63 31 29 56 11 68 22 9 20 5 28 35 71 76 79 42 71 75 30 20 88 4 15 13 59 96 83 40 16 25 57 40 97 89 93 96 28 75 33 16 20 98 52 21 9 5 95 15 46 3 14 81 21 82 39 31 70 96 89 24 16 49 8 44 5 16 33 56 57 22 75 86